0 19.00 -56.00 
1 19.00 -56.00 
2 20.00 -56.95 
3 19.01 -57.90 
4 19.01 -56.90 
5 19.01 -56.91 
6 19.02 -57.86 
7 19.02 -57.80 
8 19.02 -56.81 
9 19.03 -56.81 
10 19.04 -57.75 
11 19.04 -57.70 
12 19.05 -56.70 
13 19.05 -56.71 
14 19.06 -57.65 
15 19.07 -57.60 
16 19.08 -56.60 
17 19.08 -56.60 
18 19.10 -57.55 
19 19.11 -57.50 
20 19.12 -56.50 
21 19.12 -56.50 
22 19.14 -57.45 
23 19.15 -57.39 
24 19.16 -56.40 
25 19.17 -56.40 
26 19.19 -57.35 
27 19.20 -57.29 
28 19.21 -56.30 
29 19.22 -56.30 
30 19.24 -57.25 
31 19.26 -57.20 
32 19.26 -56.20 
33 19.28 -56.21 
34 19.29 -57.15 
35 19.31 -57.10 
36 19.32 -56.11 
37 19.33 -56.11 
38 19.35 -57.06 
39 19.36 -57.01 
40 19.37 -56.01 
41 25.38 -54.01 
42 35.38 -49.00 
43 44.38 -44.99 
44 52.39 -39.97 
45 63.38 -33.95 
46 70.38 -26.95 
47 79.38 -20.93 
48 88.38 -13.92 
49 96.38 -5.95 
50 104.38 -0.93 
51 112.39 5.09 
52 121.38 12.09 
53 129.38 18.08 
54 137.38 23.09 
55 145.39 29.10 
56 154.39 36.09 
57 162.38 40.10 
58 169.38 47.09 
59 177.39 51.11 
60 185.39 56.14 
61 192.39 62.11 
62 200.39 65.14 
63 207.38 71.12 
